89.0949074074074
82.30698518518518
92.58757654320988
83.01504197530865
83.59083950617284
86.37216172839506
85.34485555555555
80.37874567901234
86.34283209876543
71.86931851851851
68.77927901234568
63.99110987654321
67.64013580246913
59.451151851851854
64.31983827160494
71.50477901234568
68.68446296296297
67.0478061728395
79.60866790123457
73.07812716049382
81.22068024691357
74.00280987654321
67.72107654320988
82.05212716049382
75.29306543209877
75.37559506172839
82.85983086419753
79.95985185185185
77.34758395061728
83.84986790123457
74.8927962962963
73.9265975308642
81.2601975308642
73.77217530864198
72.54315432098765
81.58005185185185
67.07463827160494
64.57638395061728
67.44531234567901
58.36448024691358
58.04485308641976
65.3190962962963
62.219793827160494
57.86753209876543
66.98374197530865
79.38868395061728
71.17313086419753
72.67694444444444
77.45948395061728
68.3053975308642
70.7464901234568
77.75161851851851
71.68998395061729
74.25107160493828
87.54328395061728
78.61666172839506
89.02043333333333
80.10062345679012
77.34231851851852
85.76993580246913
81.06401728395062
75.48929012345678
85.55023580246913
74.03744567901235
71.80305925925926
74.34810740740741
64.97830617283951
60.22345308641975
72.53445802469136
68.01672469135802
63.32217283950617
73.85446543209876
58.536371604938275
53.15361851851852
58.56772469135802
61.03631358024691
51.58167037037037
62.26622839506173
60.90133456790124
58.15367037037037
62.26622839506173
84.8664987654321
77.05961975308642
89.85038395061729
83.41637407407407
74.03663456790123
85.53046913580246
85.73462592592593
83.43306666666666
90.79919135802469
73.96448024691358
70.14916543209877
68.08026913580247
67.86255308641975
61.001212345679015
67.5140061728395
71.92971851851851
67.30575061728395
72.24201975308642
60.6456987654321
62.24524938271605
63.32564814814815
55.3952
54.69926296296296
61.891375308641976
59.192048148148146
54.84828024691358
62.69575555555556
62.507958024691355
60.98368271604938
53.614014814814816
61.86922716049383
59.519975308641975
55.87556049382716
60.194771604938275
52.03818888888889
61.79361851851852
65.62083580246913
63.00452962962963
66.99144691358025
58.8801012345679
55.791165432098765
64.01366296296297
63.14563580246914
61.50761111111111
65.30991975308642
73.91992839506173
66.86716913580247
70.00809753086419
77.41901234567901
66.0318024691358
69.34473580246913
76.82838765432099
75.0343037037037
72.2319950617284
69.05675061728395
66.40101851851851
72.94558641975308
65.14069382716049
58.6014962962963
67.59816419753086
70.98750987654321
70.42255925925926
70.74424567901235
73.73563580246913
71.7497987654321
75.16294567901235
65.46738024691358
65.04621728395061
72.00675185185185
69.45843703703704
68.24024567901235
68.7694864197531
69.13476296296297
60.52840864197531
68.88027901234568
62.428004938271606
60.67042839506173
68.48285308641975
64.82652098765432
62.933141975308644
69.93586666666667
76.8657037037037
71.75226049382717
78.45764938271606
70.04839259259259
68.04488765432099
73.59954938271605
72.55600370370371
68.29862962962963
76.37145185185186
61.63653086419753
55.326055555555556
61.32891111111111
64.09153580246914
52.54074074074074
61.395486419753084
60.51161728395062
64.1420987654321
64.66280617283951
75.75629259259259
68.35312222222223
76.59394444444445
69.39607901234568
61.95737530864198
70.8883049382716
69.40119135802469
72.37538888888889
76.36319012345679
76.29814444444445
69.06906913580247
76.64712469135803
71.37820617283951
66.68221234567902
76.28487654320988
73.78155308641975
66.28086913580248
78.2983888888889
73.74151358024692
69.14826419753086
75.04743703703704
68.08679876543209
60.42315679012346
72.89641234567901
73.07016790123457
61.39854444444445
74.90053456790123
70.72691975308642
75.88536666666667
77.59033086419753
69.25074567901234
67.52281728395062
75.3826
75.6002
61.372198765432096
75.7248012345679
74.86575432098765
70.88012716049383
76.72347901234568
70.21922469135802
62.78998271604938
75.1597938271605
70.17035185185185
64.61983950617284
76.69261234567901
73.30862592592592
65.18902469135803
79.3510111111111
78.52251728395062
69.49942592592592
78.55085185185185
77.87895679012345
62.60084197530864
78.24016666666667
63.63895185185185
64.48321234567901
65.18779259259259
62.558218518518515
57.68222592592593
66.74346296296297
61.2382024691358
56.64532839506173
67.12058024691358
81.70685308641976
81.36865061728395
85.43013209876543
76.01207037037037
75.03626049382716
80.3472925925926
78.03262222222222
73.87630864197531
79.9642
76.23911481481481
76.68753086419753
80.02496543209877
69.1925938271605
68.27322592592593
77.23475555555555
71.28026913580247
70.11763456790123
79.48296666666667
77.15044074074073
78.58556172839506
71.89816049382716
74.35015802469135
66.60360740740741
76.32767160493827
73.25854320987655
71.70138518518519
80.22031358024691
62.85624938271605
62.75088518518518
65.14473333333333
66.72645555555556
55.44435061728395
67.72969382716049
61.87435308641975
60.53885185185185
67.1053111111111
71.73107654320988
72.62011234567902
75.18349382716049
74.477
60.454016049382716
72.4914888888889
71.45396913580247
60.38335802469136
71.00676913580247
60.95245308641975
57.17412839506173
60.65708765432099
60.75318765432099
48.87529382716049
62.97677654320988
62.39879135802469
57.13997283950617
63.227765432098764
77.29943086419753
75.51598888888888
82.65842839506173
76.53592345679013
66.39951481481482
80.51123333333334
75.41424814814815
79.59851604938271
83.65713580246914
59.61565432098765
52.52438024691358
62.662923456790125
62.54473333333333
55.42882839506173
63.00864074074074
57.87137901234568
56.14735185185185
62.59856790123457
80.06256666666667
70.86796666666666
80.80891234567902
80.54537530864198
63.27858395061728
74.49379506172839
76.49974074074073
67.51524444444445
80.73244691358025
